start   0       0       1504    270
606     2048    403     2048    251     1941
150     1728    49      1515    -1      1280
0       1024    1       768     53      533
156     320     259     107     413     0
618     0       751     0       869     57
970     171     1096    314     1176    493
1209    710     1243    927     1243    1126
1209    1308    1198    1369    1185    1428
1169    1484    1133    1612    1067    1738
972     1862    877     1986    755     2048
next
621     1765    643     1762    667     1752
691     1734    773     1673    834     1584
875     1470    917     1356    942     1235
949     1106    956     977     948     851
923     728     898     605     861     503
811     423     745     319     683     272
624     281     565     291     513     328
467     393     422     458     384     536
354     626     324     717     305     791
297     848     288     909     284     988
286     1085    288     1182    300     1279
322     1374    344     1469    378     1554
424     1629    471     1704    534     1749
613     1765
end
start   1       0       606     322
284     1906    277     1949    273     1974
241     2006    210     2036    174     2049
132     2046    90      2043    56      2026
29      1993    6       1966    4       1938
0       1906
0       142     4       111     10      90
15      80      43      27      84      1
141     1       218     1       265     39
281     114     283     124     284     133
284     142
end
start   2       0       1466    273
1054    1       1144    1       1190    47
1193    138     1196    229     1151    284
1059    284
317     284     317     286     321     300
329     325     338     350     343     365
345     369     394     504     485     635
581     742     623     788     670     828
723     862     776     896     827     933
875     973     936     1024    989     1080
1042    1137    1173    1279    1217    1445
1176    1635    1135    1825    1020    1953
833     2018    675     2072    525     2057
382     1974    240     1891    154     1768
124     1604    122     1597    120     1571
118     1528    117     1485    117     1460
119     1454    124     1410    146     1377
183     1354    221     1331    262     1327
306     1341    335     1350    358     1368
377     1397    396     1426    403     1456
399     1487    399     1491    398     1496
398     1500    394     1602    437     1679
526     1730    615     1781    703     1780
790     1726    861     1681    899     1619
906     1541    913     1463    891     1392
836     1332    753     1240    677     1172
578     1105    439     1011    320     890
221     743     123     596     53      441
23      277
10      206     3       165     0       144
0       143     0       103     14      69
41      42      69      15      103     1
142     1
end
start   3       0       1643    280
1073    607     1073    606     1069    597
1064    579
1055    548     1039    493     1005    442
952     393     900     344     847     313
792     299     596     250     443     309
332     475     317     497     304     524
294     555     285     586     280     606
280     613     280     627     272     644
258     664     243     685     231     698
219     705     187     720     162     728
143     728     64      728     17      688
0       608
0       583     0       570     1       563
2       562     35      397     114     262
239     157     365     52      513     0
683     0       850     0       998     56
1126    168     1205    237     1267    323
1310    424     1354    526     1371    630
1360    737     1346    879     1297    1004
1213    1111    1130    1218    1020    1295
884     1341    883     1341    879     1342
873     1344    853     1349    832     1355
812     1359
1184    1818    1211    1845    1221    1881
1214    1926    1200    2007    1153    2048
1074    2048
303     2048    223     2048    177     2009
164     1930    156     1886    166     1847
195     1814    224     1781    260     1765
304     1765
777     1765
394     1292    366     1264    356     1228
364     1185    367     1170    369     1161
371     1156    386     1117    409     1092
441     1076    469     1062    499     1057
531     1064    538     1065    545     1067
550     1070    553     1070    555     1071
556     1072    662     1102    760     1094
851     1049    942     1004    1010    931
1053    831     1070    790     1078    752
1075    718     1073    685     1072    648
end
start   4       0       1757    252
824     367
824     251     824     182     825     146
825     141     824     86      847     46
892     21      938     -4      985     -7
1033    17      1082    41      1107    83
1107    141
1107    367
1366    367     1412    367     1447    382
1470    411     1493    440     1505    473
1505    508     1505    543     1493    576
1470    605     1447    635     1412    650
1366    650
1107    650
1107    1065    1107    1111    1090    1148
1055    1176    1009    1213    959     1218
905     1193    851     1168    824     1125
824     1065
824     650
335     650
725     1863    748     1933    730     1988
667     2026    628     2050    586     2054
545     2041    504     2028    475     2000
458     1957    457     1954    456     1951
456     1950
7       552     -8      506     0       464
27      425     55      386     93      367
141     367
end
start   5   1   1542    288
26      284     43      253     70      219
110     184     150     149     185     123
216     104     346     22      490     -11
648     5       806     21      940     84
1049    193     1122    265     1177    352
1214    455     1252    558     1264    662
1246    765     1238    814      1228    855
1217    889     1159    1063    1048    1192
885     1276    722     1361    553     1376
363     1317
363     1771
877     1771    937     1771    979     1799
1003    1856    1028    1913    1019    1963
976     2006    948     2034    915     2048
877     2048
225     2048    158     2048    115     2017
94      1954    93      1949    87      1925
87      1910
87      1083    87      1040    103     1004
136     976     169     949     206     939
249     946     270     949     292     959
313     976     329     989     346     1001
364     1013    429     1054    501     1075
578     1075    652     1075    728     1051
805     1002    876     957     925     892
952     806     979     721     981     639
958     561     910     400     805     307
642     282     480     258     349     311
251     444     229     473     200     492
161     499     122     506     87      499
58      477     42      465     30      451
21      436     0       399     -5      359
7       318     8       313     22      288
end
start   6       0       1605    263
9       783     -19     612     16      448
114     292     211     137     355     43
543     12      796     -29     1010    47
1184    240     1276    343     1314    468
1337    601     1337    601     1338    610
1340    630     1350    758     1320    883
1249    1006    1179    1129    1085    1218
967     1272    885     1309    811     1329
745     1334    680     1339    604     1336
518     1324
511     1323
504     1321
510     1331
515     1340    521     1348    529     1361
540     1378    647     1542    789     1675
946     1791    956     1799    966     1806
975     1817    1025    1880    1023    1942
968     2001    913     2060    851     2069
784     2022
774     2015    632     1915    515     1799
413     1678    311     1558    224     1417
150     1254    123     1194    98      1130
76      1063    46      975     26      886
11      795
next
324     497     227     598     268     699
305     803     343     907     413     982
515     1027    639     1081    760     1072
878     999     997     924     1057    815
1056    671     1056    527     997     418
878     343     801     295     712     276
611     287     556     293     499     316
441     357     384     398     348     446
end
start   7       1       1453    314
1131    1864    1146    1910    1140    1951
1110    1990    1081    2029    1042    2048
995     2048
139     2048    93      2048    58      2033
35      2003    12      1974    1       1941
1       1906    1       1871    12      1839
35      1810    58      1781    93      1766
139     1766
802     1766
299     185     275     111     297     55
366     18      435     -19     495     -8
543     52      556     68      563     83
568     98
end
start   8       -2      1453    288
993     1050    1103    1160    1160    1292
1164    1447    1168    1602    1118    1738
1015    1854    934     1945    830     2005
705     2033    580     2062    462     2051
350     2000    268     1963    197     1910
138     1842    79      1774    39      1696
18      1608    -5      1513    -4      1416
20      1316    38      1239    74      1167
127     1101    151     1072    175     1048
202     1023    183     1006    165     989
149     972     120     940     90      903
68      856
51      820     -13     685     -17     544
29      400     60      305     112     224
185     155     258     87      342     40
439     17      557     -11     667     -7
770     30      838     54      897     87
947     127     1092    243     1165    394
1165    579     1165    742     1108    881
993     996
983     1005    969     1018    963     1025
968     1028    973     1031    982     1039
next
882     1464    882     1381    857     1314
807     1264    758     1214    700     1183
635     1171    570     1160    505     1169
440     1199    376     1229    330     1283
301     1361    277     1425    275     1487
294     1547    314     1607    349     1659
399     1702    493     1782    597     1792
711     1733    825     1674    882     1584
next
882     582     882     499     853     428
794     370     735     312     665     283
582     283     520     283     463     300
411     335     360     370     323     417
302     474     260     587     279     689
358     780     438     871     538     902
658     872     724     855     778     820
819     765     861     710     882     649
end
start   9       0       1618    273
357     18      458     73      553     134
645     196     737     259     822     333
900     420     993     524     1070    635
1131    754     1192    873     1252    995
1299    1122    1337    1224    1348    1326
1344    1425    1341    1524    1310    1623
1251    1721    1142    1903    978     2010
760     2041    543     2072    358     2012
206     1860    77      1731    9       1576
1       1396    -7      1217    51      1058
174     921     246     841     336     781
444     740     552     700     660     689
767     707     706     626     645     559
585     507     472     408     347     338
218     265     204     257     196     250
194     248     169     225     156     201
152     178     146     144     146     116
155     94      172     51      199     23
238     9       277     -5      317     -4
next
1065    1374    1065    1296    1044    1226
1003    1164    962     1102    907     1054
838     1019    790     995     733     983
668     983     598     983     529     1004
460     1046    392     1088    345     1143
319     1210    281     1285    272     1367
291     1455    311     1544    353     1615
417     1670    480     1724    549     1755
624     1762    699     1769    770     1758
835     1728    900     1699    954     1653
998     1591    1041    1530    1064    1457
end